<SM 0
1 3221225472 1
1 3221225504 1
1 3221225536 1
1 3221323776 1
1 3221323808 1
1 3221323840 1
1 3221422080 1
1 3221422112 1
1 3221422144 1
1 3221520384 1
1 3221520704 1
1 3221521024 1
1 3221521344 1
>
<SM 1
1 3221520384 1
1 3221520704 1
1 3221521024 1
1 3221521344 1
>
<SM 2
1 3221520384 1
1 3221520704 1
1 3221521024 1
1 3221521344 1
>
<SM 3
1 3221520384 1
1 3221520704 1
1 3221521024 1
1 3221521344 1
>
<SM 4
1 3221520384 1
1 3221520704 1
1 3221521024 1
1 3221521344 1
>
<SM 5
1 3221520384 1
1 3221520704 1
1 3221521024 1
1 3221521344 1
>
<SM 6
1 3221520384 1
1 3221520704 1
1 3221521024 1
1 3221521344 1
>
<SM 7
1 3221520384 1
1 3221520704 1
1 3221521024 1
1 3221521344 1
>
<SM 8
1 3221520416 1
1 3221520736 1
1 3221521056 1
1 3221521376 1
>
<SM 9
1 3221520416 1
1 3221520736 1
1 3221521056 1
1 3221521376 1
>
<SM 10
1 3221520416 1
1 3221520736 1
1 3221521056 1
1 3221521376 1
>
<SM 11
1 3221520416 1
1 3221520736 1
1 3221521056 1
1 3221521376 1
>
<SM 12
1 3221520416 1
1 3221520736 1
1 3221521056 1
1 3221521376 1
>
<SM 13
1 3221520416 1
1 3221520736 1
1 3221521056 1
1 3221521376 1
>
<SM 14
1 3221520416 1
1 3221520736 1
1 3221521056 1
1 3221521376 1
>
<SM 15
1 3221520416 1
1 3221520736 1
1 3221521056 1
1 3221521376 1
>
<SM 16
1 3221520448 1
1 3221520768 1
1 3221521088 1
>
<SM 17
1 3221520448 1
1 3221520768 1
1 3221521088 1
>
<SM 18
1 3221520448 1
1 3221520768 1
1 3221521088 1
>
<SM 19
1 3221520448 1
1 3221520768 1
1 3221521088 1
>
<SM 20
1 3221520448 1
1 3221520768 1
1 3221521088 1
>
<SM 21
1 3221520448 1
1 3221520768 1
1 3221521088 1
>
<SM 22
1 3221520448 1
1 3221520768 1
1 3221521088 1
>
<SM 23
1 3221520448 1
1 3221520768 1
1 3221521088 1
>
<SM 24
1 3221520480 1
1 3221520800 1
1 3221521120 1
>
<SM 25
1 3221520480 1
1 3221520800 1
1 3221521120 1
>
<SM 26
1 3221520480 1
1 3221520800 1
1 3221521120 1
>
<SM 27
1 3221520480 1
1 3221520800 1
1 3221521120 1
>
<SM 28
1 3221520480 1
1 3221520800 1
1 3221521120 1
>
<SM 29
1 3221520480 1
1 3221520800 1
1 3221521120 1
>
<SM 30
1 3221520480 1
1 3221520800 1
1 3221521120 1
>
<SM 31
1 3221520480 1
1 3221520800 1
1 3221521120 1
>
<SM 32
1 3221520512 1
1 3221520832 1
1 3221521152 1
>
<SM 33
1 3221520512 1
1 3221520832 1
1 3221521152 1
>
<SM 34
1 3221520512 1
1 3221520832 1
1 3221521152 1
>
<SM 35
1 3221520512 1
1 3221520832 1
1 3221521152 1
>
<SM 36
1 3221520512 1
1 3221520832 1
1 3221521152 1
>
<SM 37
1 3221520512 1
1 3221520832 1
1 3221521152 1
>
<SM 38
1 3221520512 1
1 3221520832 1
1 3221521152 1
>
<SM 39
1 3221520512 1
1 3221520832 1
1 3221521152 1
>
<SM 40
1 3221520544 1
1 3221520864 1
1 3221521184 1
>
<SM 41
1 3221520544 1
1 3221520864 1
1 3221521184 1
>
<SM 42
1 3221520544 1
1 3221520864 1
1 3221521184 1
>
<SM 43
1 3221520544 1
1 3221520864 1
1 3221521184 1
>
<SM 44
1 3221520544 1
1 3221520864 1
1 3221521184 1
>
<SM 45
1 3221520544 1
1 3221520864 1
1 3221521184 1
>
<SM 46
1 3221520544 1
1 3221520864 1
1 3221521184 1
>
<SM 47
1 3221520544 1
1 3221520864 1
1 3221521184 1
>
<SM 48
1 3221520576 1
1 3221520896 1
1 3221521216 1
>
<SM 49
1 3221520576 1
1 3221520896 1
1 3221521216 1
>
<SM 50
1 3221520576 1
1 3221520896 1
1 3221521216 1
>
<SM 51
1 3221520576 1
1 3221520896 1
1 3221521216 1
>
<SM 52
1 3221520576 1
1 3221520896 1
1 3221521216 1
>
<SM 53
1 3221520576 1
1 3221520896 1
1 3221521216 1
>
<SM 54
1 3221520576 1
1 3221520896 1
1 3221521216 1
>
<SM 55
1 3221520576 1
1 3221520896 1
1 3221521216 1
>
<SM 56
1 3221520608 1
1 3221520928 1
1 3221521248 1
>
<SM 57
1 3221520608 1
1 3221520928 1
1 3221521248 1
>
<SM 58
1 3221520608 1
1 3221520928 1
1 3221521248 1
>
<SM 59
1 3221520608 1
1 3221520928 1
1 3221521248 1
>
<SM 60
1 3221520608 1
1 3221520928 1
1 3221521248 1
>
<SM 61
1 3221520608 1
1 3221520928 1
1 3221521248 1
>
<SM 62
1 3221520608 1
1 3221520928 1
1 3221521248 1
>
<SM 63
1 3221520608 1
1 3221520928 1
1 3221521248 1
>
<SM 64
1 3221520640 1
1 3221520960 1
1 3221521280 1
>
<SM 65
1 3221520640 1
1 3221520960 1
1 3221521280 1
>
<SM 66
1 3221520640 1
1 3221520960 1
1 3221521280 1
>
<SM 67
1 3221520640 1
1 3221520960 1
1 3221521280 1
>
<SM 68
1 3221520640 1
1 3221520960 1
1 3221521280 1
>
<SM 69
1 3221520640 1
1 3221520960 1
1 3221521280 1
>
<SM 70
1 3221520640 1
1 3221520960 1
1 3221521280 1
>
<SM 71
1 3221520640 1
1 3221520960 1
1 3221521280 1
>
<SM 72
1 3221520672 1
1 3221520992 1
1 3221521312 1
>
<SM 73
1 3221520672 1
1 3221520992 1
1 3221521312 1
>
<SM 74
1 3221520672 1
1 3221520992 1
1 3221521312 1
>
<SM 75
1 3221520672 1
1 3221520992 1
1 3221521312 1
>
<SM 76
1 3221520672 1
1 3221520992 1
1 3221521312 1
>
<SM 77
1 3221520672 1
1 3221520992 1
1 3221521312 1
>
<SM 78
1 3221520672 1
1 3221520992 1
1 3221521312 1
>
<SM 79
1 3221520672 1
1 3221520992 1
1 3221521312 1
>
